0.3949147945648205
0.564509829246446
0.5401338890053761
0.1944781613138543
0.1279332349331809
0.3133176313415354
0.20867211158933063
0.19408268410842924
0.48307515574713755
0.33387664126982874
0.6552389758227664
0.20519787049308416
0.24740906470665627
0.4093789409436377
0.39468588017886297
0.30867538195855077
0.3061936566120015
0.2164443406138755
0.42456203039396073
0.25828132019435657
0.23585808792776397
0.5043466189318982
0.18408840676424867
0.346822618680101
0.35175801387123723
0.5337502208993821
0.19837056465006242
0.323471664908103
0.32579227459667653
0.2159802271530478
0.5483348689124905
0.40152241595362337
0.352141402451063
0.3724327160280457
0.2275778780237189
0.19673770475943028
0.32954881601732394
0.5508916714903972
0.3402616748580922
0.2548151487814484
0.36834351105355134
0.39663903573599385
0.31778961570605885
0.6479623067076103
0.3719591177102133
0.22778324145617296
0.3699841756293097
0.5362467262062643
0.5292392327255688
0.5290647585584318
0.5934149259634471
0.234918678532857
0.5461681891747961
0.4582929497316971
0.20570427503112743
0.2513264558215172
0.5633716636568412
0.29238950956207405
0.20472236708090294
0.1961518154937919
0.501061686194529
0.5157154720746872
0.4218989225021053
0.17827632113845004
0.49753897039780876
0.29721473259838627
0.3087109679123979
0.3296758654765864
0.2919830857836954
0.18322247264681668
0.5410113999521515
0.3396661281876301
0.40359798711902567
0.6466231119109689
0.31891585252196014
0.26532231256420674
0.662431201560998
0.2693231345744206
0.1674698723791898
0.3757335942506527
0.5920276877925817
0.5912666680147695
0.26284502138379934
0.4405577035638749
0.2792538178014544
0.4202887390087432
0.3270668206332808
0.3747147558764443
0.7487339139523534
0.395226997715991
0.5230636750743513
0.3785882877356606
0.3182649637876152
0.2948134956325089
0.32286597338294204
0.20188588982317632
0.41255137465905906
0.5084528938641195
0.44891484217056293
0.2708876394558088
0.43839696053855526
0.2930100353913806
0.5800066096258913
0.47356122472672935
0.71180963194475
0.4513518053173167
0.6513279856525108
0.19748579384939996
0.3094752556353882
0.22785548651003112
0.18126731093077453
0.6540932794766658
0.4540654362484645
0.376124468884583
0.2058415335247183
0.4254233719438698
0.4001188051181619
0.35275777265090236
0.5031625066525974
0.4923793840094974
0.25235246079976703
0.3857743787001535
0.2713374790696773
0.7590829474330166
0.3087591800540489
0.3844771211844905
0.16916134095521593
0.4372255241463768
0.3949851426352487
0.4595018438482324
0.447994240985975
0.3738483183225986
0.5017108735028564
0.30591418178901325
0.3896993186501983
0.6665779399359603
0.48543529481016023
0.3430574183457925
0.4722659774515531
0.32128859235089857
0.2981638798987919
0.393161086398153
0.1768140122611946
0.421259740615046
0.3660172120540254
0.21903876564185643
0.4398712403035977
0.616820625203193
0.4293508209258667
0.529306743656024
0.3296582971278504
0.21398154360496682
0.5950118168483924
0.35223192453210234
0.3837199242553084
0.6013403731574217
0.32242493644283304
0.42011694258048454
0.5782940329339646
0.33834508343928155
0.35421272541559223
0.3018104991707612
0.2238961871397424
0.37641782566298465
0.433325701923971
0.5553634135516687
0.21969424123467138
0.1753927169414057
0.3250460569394463
0.4742920363789393
0.5860839662946467
0.35292115615504666
0.37755277210150934
0.40798508261911776
0.20056755717786245
0.4681261508676143
0.3683701096066041
0.34706858441398114
0.760258397444468
0.1509079174738542
0.2278415905981694
0.3709790332687104
0.19322134215434225
0.25038593231719436
