0.4387615181755399 0.0032190382591064104 0.0032290977330949877
0.03813481239186845 0.0001304761843434546 0.0001299399074791291
0.5772456818382867 0.0030144760575907537 0.0030416447174757
0.1426725575902673 0.0013951182382202776 0.0013826644305433844
0.14190861355660817 0.0013865173754875892 0.0013741057446279292
0.3830828149722003 0.003113768598760447 0.003116195779035935
0.42216990303882884 0.0031991059599216776 0.003206865351552013
0.7149973825712389 0.0021851656374290984 0.0022183123503810576
0.45432598092222765 0.003228968507290708 0.003241179803458616
0.07672358141865934 0.0006014760956617182 0.0005954288122452522
0.9084890047182377 0.00021875103477586588 0.00022814609904919791
0.6958159456432462 0.0023355916505581886 0.0023689207757394692
0.47802999850844785 0.0032278788580979434 0.0032433195289091055
0.22214494220992745 0.0021876928578375143 0.0021747245840750273
0.8829665357859013 0.0004982965259814343 0.0005126809617636008
0.4602639511165665 0.003230528782817821 0.0032435560617031234
0.35423274804375915 0.003015978294205024 0.0030146696241584725
0.37894320385343483 0.003101559095872952 0.003103436503061885
0.6559104902888739 0.0026134091478584587 0.002645964024346359
0.8627511073065153 0.0007233649091575867 0.0007415155909988869
0.5448176998374539 0.0031208495352406107 0.0031446350067025897
0.3484914678288228 0.0029929731877970656 0.0029909523001190874
0.27875725990260364 0.002619198938833056 0.0026097800579698016
0.6917557765025261 0.0023660517460137864 0.0023993716321253356
0.4339863343734668 0.0032142921027309423 0.003223689438104249
0.8798825110350428 0.000532587923644412 0.0005475629852645936
0.4672275022252812 0.003230795459120972 0.003244774364194347
0.7618055145980672 0.0017749708395561337 0.0018060161667781127
0.2336537283129224 0.00228463285769942 0.0022721595025368413
0.7974854594746537 0.0014250860197476678 0.001452864360323991
0.9465052825112608 0.0001504755378602951 0.00015317179673068892
0.2342431361226652 0.002289471756609318 0.0022770271204906045
0.02497246081368296 6.377810154441915e-06 7.323164121855047e-06
0.16621514362046638 0.0016514950583618182 0.0016381083620790327
0.7663927323467157 0.001731676217622491 0.001762383581899729
0.8074770501253687 0.0013220907809878835 0.0013486919524348107
0.17359181755894817 0.0017282284839862383 0.0017146920092735163
0.4648470992716306 0.0032308938930833975 0.003244548219504484
0.24584473669511245 0.0023822125286410423 0.002370397344593045
0.5744444197621509 0.003025046759698835 0.003051945687396862
0.20973327660017937 0.0020779421796887076 0.002064586452193512
0.6090995194023536 0.0028761235027698895 0.002906014372548449
0.8055622982641862 0.0013419825318973233 0.0013688180954406493
0.7282165161179219 0.002075367616342083 0.0021081644523348597
0.02654478010138637 7.661419447472367e-06 8.467596809343114e-06
0.15904985482007036 0.001575286993725944 0.001562109944029083
0.3377242966520397 0.0029466491614315027 0.0029433266987102247
0.6357476432075537 0.0027351013774166155 0.002766722806845201
0.24307663960164583 0.002360518799361694 0.0023485425260933446
0.33198567243481175 0.0029202631480956254 0.00291626678716006
0.04562997524619024 0.00021744166480627825 0.00021586765415244208
0.7855527880672214 0.001545350937299128 0.0015743851603037262
0.26852566731627636 0.002549676445130822 0.0025394224021318412
0.6981430291960986 0.002317913916116021 0.0023512409172494753
0.2373396690991717 0.0023146916553823116 0.0023024031555398117
0.4672368500006572 0.003230794684660143 0.0032447748627555395
0.3042856399822377 0.0027762844291767674 0.0027692608715160216
0.3676010043921802 0.0030649808446479576 0.0030653737114247903
0.6785652780159023 0.002461614707837234 0.002494793194780076
0.38356465331897427 0.0031151501614558597 0.0031176415833914506
0.9251074135575463 4.579684162320241e-05 5.2020394499363576e-05
0.3278327601121171 0.0029004318340377644 0.002895957037978014
0.3370233390217823 0.002943489456735837 0.002940083909305835
0.0927510461936349 0.0008016235292298279 0.0007935285295213867
0.3881490449294778 0.003127882253424863 0.0031309873397227794
0.8334204661766217 0.001046148884976672 0.0010691730551708467
0.24154412826192093 0.0023483913478971885 0.0023363287900675656
0.7205913327245439 0.002139302835264867 0.0021723242625873995
0.3644997431301372 0.0030541811687020415 0.003054174308116109
0.628591887268068 0.0027752026271639085 0.002806412656326085
0.37197997579189335 0.0030796459858576375 0.0030806079619967175
0.8330429845628073 0.0010502406066383863 0.00107332202887378
0.42658775001814075 0.0032053580887577704 0.0032137294858571863
0.5595069709209493 0.003077014155023816 0.0031024003356585617
0.6360589543075517 0.0027333198390067093 0.002764958240611737
0.03877702980747069 0.0001377525896806217 0.00013713080990252619
0.039412865240389075 0.00014499327292677444 0.00014428607469460508
0.7284352622579603 0.002073509566067444 0.0021062990340249277
0.4905935286926817 0.0032194105205373136 0.0032365229107712556
0.6727890304476521 0.0025018104457058543 0.0025348746665607713
0.4998842614704415 0.003209650930365404 0.0032279753755668494
0.3361289476009361 0.002939432246852558 0.0029359209934271546
0.0763304005509084 0.0005965460268694128 0.0005905522223470933
0.5608318629030673 0.003072705231861317 0.0030982304618547563
0.8017234600528259 0.0013816453901728254 0.0014089383314219717
0.6323298744273183 0.002754457946516853 0.0027858879406735815
0.3719054984223018 0.003079402274411114 0.0030803545269985078
0.012661012059170744 9.711431970930127e-05 9.842813082385979e-05
0.6914876850348473 0.0023680458155705963 0.0024013645161649055
0.601057181052705 0.002914185145458381 0.00294345178041866
0.46402618016618624 0.0032308821876562144 0.0032444243970082276
0.045501697912416914 0.00021592054447108766 0.00021436487281930455
0.8468348825992682 0.0008995643998542802 0.000920460158078451
0.8166040097066446 0.001226323553038311 0.001251750702898513
0.6527440682867516 0.0026333633539585843 0.0026657944501502495
0.24160422689171615 0.0023488685062987014 0.0023368092929443585
0.5619525098236609 0.0030690148242025206 0.0030946569491642206
0.23769898843234605 0.0023175961707264936 0.0023053263566548132
0.7411415834365309 0.0019633284316753485 0.001995600127297714
0.3369665275898632 0.0029432325967355677 0.0029398203246489008
0.3476118000181837 0.002989344231406399 0.0029872152925977113
0.4381204863863243 0.003218447572665095 0.0032284181824719926
0.6935800966344776 0.002352425772194411 0.0023857518366459107
0.4949439748339417 0.003215209944649078 0.003232892696882872
0.028788811338023176 2.988830861579833e-05 3.0473514662149315e-05
0.0858124107425604 0.000715250329187414 0.0007080083181136287
0.9480437275995149 0.0001633721432787727 0.00016585926335588308
0.5879921122209673 0.0029715195508326353 0.0029996794255233716
0.3206127152801087 0.0028644813474064668 0.002859194356044592
0.16758804992181317 0.0016659097142155133 0.0016524901097399458
0.061795298873279905 0.000414711720513862 0.0004107762959005487
0.5834747950530544 0.002990040399291405 0.003017792191601032
0.7958776551909175 0.0014414690001254282 0.0014694261065324454
0.5690192759411683 0.0030447790569501088 0.0030711427907132993
0.5478939817354813 0.0031122687710256614 0.003136398134084839
0.3111506067929941 0.0028145343599776385 0.002808223199485038
0.9823387782862725 0.00031979871354459455 0.00032122446413496153
0.20348377161397266 0.0020206534724795666 0.002007162934039408
0.7871155174248701 0.0015297782877640165 0.001558657373263328
0.792668588792125 0.0014740046164610776 0.0015023096486791454
0.3940814129136949 0.0031432505727617688 0.003147155820167835
0.586024760558095 0.002979668177528816 0.003007651884540996
0.5141502392200311 0.003188903066754123 0.0032090402983848687
0.42896986630272493 0.0032084444431805803 0.0032171460811729613
0.40421739688663993 0.0031666223105009106 0.0031719080263066246
0.6705174440514479 0.0025173396561164463 0.0025503504081045847
0.35137746295952127 0.0030046846067044997 0.00300302023770338
0.32591746696549095 0.0028910773531118372 0.002886384630415073
0.5441536340935134 0.003122660053225257 0.003146370712650004
0.47558183013046673 0.0032288941418877615 0.003244005294872565
0.3642859065127999 0.003053423870609251 0.003053389553969499
0.3180559375991877 0.0028513019654563543 0.0028457335941256545
0.2671567806359988 0.0025400905754370817 0.0025297306933045327
0.5253063966646405 0.003167837779506688 0.003189345162347257
0.0399052962447127 0.00015062502896946717 0.00014985118271349657
0.7993018894008329 0.0014065123549323877 0.0014340851675049837
0.045137884893417184 0.00021161175300778157 0.0002101080115182244
0.3552690434244516 0.0030200051364712155 0.003018826274262809
0.5998322047514733 0.0029197978683620507 0.0029489655238487122
0.5762241719756245 0.0030183608692812003 0.0030454316986827656
0.6081286414942618 0.0028808298041487213 0.0029106477087982308
0.4099484960250551 0.003178228435999353 0.0031843006751782754
0.046773486977503075 0.00023104328743000363 0.00022930517702348524
0.07221424631426226 0.0005449322628690301 0.0005395062822473456
0.7712508147493319 0.0016852598503843685 0.0017155829923807264
0.3596467387721173 0.003036592581398101 0.003035966102332033
0.10996481916257489 0.0010126887837153264 0.0010027267420157499
0.3950646755125966 0.0031456772031427382 0.0031497156757173683
0.01923789253455553 5.544372947686657e-05 5.67540644582365e-05
0.7727069886408732 0.0016712353129911817 0.0017014380029071186
0.9499965091087966 0.00017931365051537806 0.00018154734280895202
0.5453294398756445 0.0031194441947366425 0.0031432871787295813
0.048262751067672284 0.0002488637736500904 0.0002469104781007911
0.06395033710367824 0.000441547924694502 0.00043729926104431327
0.23137726897657293 0.0022658283846264116 0.002253247144948206
0.01671029581001906 7.378177312862208e-05 7.515925875302074e-05
0.22802455145933856 0.0022378005122050126 0.0022250692623678736
0.045334007384956555 0.00021393353026305517 0.00021240180975950346
0.05646772867449231 0.0003487566774916795 0.0003456018598859273
0.09730445414082825 0.000857957488413788 0.0008493330640387681
0.02444299584868364 1.1259195333030575e-05 1.2248156421784673e-05
0.39709000625835456 0.003150567600214371 0.003154880990144604
0.10310405606381567 0.0009292166567501786 0.0009199544547509042
0.8077601838341744 0.001319143367076503 0.001345709526596739
0.35530006837139794 0.0030201251016443442 0.003018950131401077
0.5438586156967289 0.003123459632925929 0.0031471369912694502
0.43192040270712273 0.0032119908654412166 0.0032211016745474774
0.06260605797143887 0.0004247992792795474 0.00042074578140968016
0.054366759319922055 0.0003229468265173452 0.00032010086307967395
0.7423382318149601 0.0019527264085650309 0.0019849401658595944
0.08490005529384793 0.0007038548106292897 0.0006967289243687003
0.2404676291739982 0.0023398226757174456 0.0023277007561457175
0.5132141077467368 0.0031904778531813838 0.003210498116597793
0.6376378794197781 0.0027242368395759 0.0027559601170664694
0.08669074584323767 0.0007262135696969596 0.0007188606119251095
0.5908249743080394 0.0029595626192999713 0.0029879718789197485
0.21276343818405333 0.0021052321332767354 0.0020919565138424467
0.2901912017558113 0.002692449048355361 0.0026840508354391
0.4097977225752162 0.003177937967675404 0.0031839894694325466
0.7609140897769766 0.0017833232057087312 0.0018144314170887021
0.6339801560461992 0.002745157881290927 0.0027766814751771784
0.19414887717920262 0.0019325779346558436 0.0019189644179941068
0.05738613109182825 0.0003600787739452202 0.0003567890002209584
0.114123472229562 0.001062799843491835 0.0010524430672020774
0.021354509758980296 3.838945578785169e-05 3.959503405775652e-05
0.42811214344144166 0.0032073561238578074 0.0032159388385738508
0.09299514791655245 0.0008046512334523998 0.0007965272278267765
0.13004116132873478 0.0012507682791537689 0.001239109970054525
0.004527733970798281 0.00010149024556669987 0.00010160429964556957
0.038479095035085176 0.00013437224299651246 0.00013379022880236763
0.2912502604750984 0.0026989963266588757 0.00269069707479902
0.5860670033381119 0.002979494548487782 0.0030074820635381805
0.33229346660657477 0.0029217083349327155 0.0029177477483106617
0.6040523834090847 0.0029002555515859063 0.002929759900964335
0.4731818609974665 0.003229688020457089 0.0032444750925757493
0.04650199144124029 0.0002278072946736917 0.00022610824153484338
0.08799727081219405 0.000742507026903802 0.0007349905972476312
0.4991245773221201 0.0032105602877601225 0.0032287864913970177
0.4485939410748657 0.00322629617250203 0.003237716723110462
0.5127182819979095 0.0031912998289336247 0.0032112580204677332
0.17039776128283876 0.001695220190307739 0.0016817404363975441
0.3929023358171838 0.0031402954840706876 0.0031440411916201505
0.4836958792150551 0.003224734302719634 0.0032409331019629395
0.33209428848378797 0.0029207735211516095 0.002916789779555673
0.917613990928783 0.00012242424069897062 0.0001300534990651414
0.09123735337129636 0.0007828304849064188 0.0007749169035685399
0.3140214924399051 0.0028300283865527742 0.002824022937745696
0.7009199218555031 0.0022966108744577607 0.002329928203943399
0.7425684159253298 0.0019506826369029007 0.0019828850666829823
0.9841272949365624 0.0003150243597427327 0.00031670871756628305
0.6638689064379257 0.0025618826364239844 0.0025947096821190563
0.05366279997751203 0.0003143299721829057 0.0003115874490417017
0.5987965654792617 0.0029245048918055128 0.0029535880774502754
0.21422791457727983 0.0021183068772381575 0.0021050733693168677
0.26895416014301515 0.0025526632542961503 0.00254244263353548
0.7734231703434438 0.001664319016612792 0.0016944615698982757
0.4301027516299122 0.0032098422853549247 0.003218701016748926
0.8306787951796282 0.0010758214200169425 0.0010992580250728246
0.1769235394963887 0.0017623034300441598 0.001748720873527454
0.4970452042890905 0.003212948007036198 0.00323090449371477
0.5103283122006856 0.0031951441429254324 0.003214801996632044
0.8955842088736494 0.0003588194948488388 0.00037074861854613506
0.0013073896396468832 5.997081561050135e-05 5.8990195913549356e-05
0.29860604264049556 0.0027433596940771854 0.0027357674845325253
0.07280081709260848 0.0005522862197303302 0.0005467784701668754
0.5814007939397299 0.002998318570605063 0.0030258787987988978
0.10623949232229038 0.0009674823942317501 0.0009578929119811036
0.8483986750879469 0.000882343981659095 0.0009029801331450482
0.06459293520102798 0.0004495633445374819 0.0004452216814563731
0.34605621957112315 0.0029828591089252066 0.0029805398174824194
0.27803900961015177 0.0026144409780570754 0.0026049609923176065
0.03757746113567475 0.0001241925886205364 0.00012372984926310726
0.6484152453773232 0.0026601364911192915 0.0026923843797183045
0.010307825693206615 0.00010597991606683087 0.00010712779365644638
0.36758565108907276 0.003064928223985741 0.003065319104897546
0.6322668722135348 0.002754811275861302 0.002786237653821688
0.7415763439129237 0.0019594809923710876 0.001991731822231335
0.39986229945020835 0.0031570260132980366 0.003161716745930576
0.5522575538472048 0.003099551973366421 0.003124161411721893
0.2430898075916108 0.0023606226421823973 0.0023486471193087943
0.6902939188698091 0.002376899131891652 0.0024102116928458317
0.7690174284226906 0.0017066701663853712 0.0017371733116591237
0.6550005949138097 0.0026191751068216362 0.0026516953068875804
0.0533312362937066 0.0003102772830286052 0.0003075834591637003
0.5933686943361483 0.002948601736808776 0.0029772305539296218
0.10752985423783429 0.0009831734487782268 0.0009734529068147896
0.613840867682695 0.002852701583256567 0.0028829391295635
0.6748690131643322 0.0024874530891454416 0.00252056206228346
0.27132195556121874 0.0025690494121772822 0.0025590159676215363
0.7038252338300648 0.0022740810832118097 0.002307379918415675
0.35529359314487663 0.0030201000665154853 0.003018924283951452
0.17036408958041221 0.0016948704470216847 0.0016813913569320993
0.15536801435201517 0.0015354983069247319 0.0015224540029817601
0.19526359166976234 0.0019432520780562623 0.0019296482070918497
0.07310756807892138 0.0005561323423599884 0.0005505819397463724
0.6252025812631973 0.002793626845967734 0.002824628012678354
0.02356057441744298 1.9253072178256753e-05 2.0310754821371152e-05
0.06810220654123712 0.0004934203834854739 0.0004885747801420814
0.30461699775193585 0.0027781695495505687 0.0027711797581165265
0.6473120741930156 0.0026668656590482787 0.0026990643044062512
0.5830171062652287 0.0029918794159969897 0.0030195891592830204
0.36793238890341745 0.003066114556338484 0.0030665503024316365
0.07085906043766457 0.0005279462476200231 0.0005227101948745566
0.7090718037653617 0.0022327736253452413 0.0022660171482652425
0.9289596146047143 7.518512788462495e-06 1.3043725072048318e-05
0.9388103593528823 8.207547157901285e-05 8.592519453454184e-05
0.38407023051350675 0.003116590918422868 0.003119149801099952
0.9433929360253976 0.00012354739874564924 0.0001266900528389403
0.0801258660478775 0.0006441193199003131 0.0006376152315332312
0.6439661626464146 0.002687041526866274 0.002719084547956774
0.4791914990001417 0.0032273246438643266 0.0032429212539317742
0.3314415269433903 0.0029176999097833 0.0029136404089252776
0.27830641567356357 0.0026162145384535096 0.0026067572594380972
0.5651588886725702 0.0030582245219261672 0.003084197416431067
0.512371371262666 0.0031918699444043463 0.0032117846578311182
0.7782468787653707 0.001617417998117432 0.0016471401171372912
0.18718786632420759 0.0018649676103711377 0.0018513254690466496
0.7945795577441647 0.001454656401856047 0.001482755673369307
0.5281005993536774 0.003161899080240005 0.0031837423698461986
0.3440963374722629 0.00297456518277317 0.0029720074017992038
0.2799250938518235 0.0026268956119903653 0.002617576862274429
0.25700096673386275 0.0024668793150002255 0.0024557797519376146
0.779520928287151 0.001604939044775655 0.0016345456384442292
0.09179433998768874 0.0007897492235079823 0.0007817685771648875
0.5378682140150765 0.00313906078715398 0.0031620534809930767
0.8437935095845215 0.0009329839484857327 0.0009543779135029462
0.24421286309124085 0.002369456395237307 0.0023575454326518197
0.024111735399931035 1.4281279722506979e-05 1.529663210973406e-05
0.2080662716876839 0.002062793045194966 0.0020493973244810337
0.8114295155460693 0.001280807688736063 0.0013069119185231681
0.5675143983922134 0.003050079407570405 0.003076291756201166
0.24650620145217111 0.0023873561379402497 0.002375580436708491
0.5189293616796038 0.003180397783805522 0.003201127459306008
0.8766255152426193 0.0005688459034830506 0.0005844392659748454
0.8681272136994971 0.0006635238903563989 0.0006806997722960118
0.06615983806675495 0.0004691297091126839 0.0004645621664682714
0.6907654797136444 0.002373406964540581 0.0024067221185796184
0.3128591042949965 0.0028237906897211618 0.0028176609217186455
0.6818610135551979 0.0024382274183579744 0.002471456968753727
0.081778122862988 0.0006648098698775473 0.0006580879646660848
0.0836344197359187 0.000688034870470311 0.0006810715382159771
0.4808334155155183 0.0032264616215859077 0.003242278218444361
0.5001311199503307 0.003209351172392738 0.003227707506267219
0.42321542906127974 0.003200647614129637 0.0032085517746269776
0.7441537542808034 0.001936568242689951 0.0019686910536076407
0.3160514520671428 0.0028408053781888154 0.002835018773916731
0.08666240063538705 0.0007258598869635396 0.0007185104965106021
0.8059714088515254 0.0013377384086437072 0.0013645242406100655
0.03811792975618652 0.00013028541645463548 0.00012975137638522594
0.9445625618245942 0.00013379294231186112 0.00013676436066634157
0.11538891491419856 0.0010779706423141716 0.0010674982168153019
0.3660762955665827 0.0030597141461797817 0.0030599101350647917
0.05135051502966465 0.00028615066912136833 0.0002837473113163694
0.10512307938044162 0.0009538794732050632 0.0009444050954616201
0.06794968185339716 0.0004915117380620143 0.00048668788558113574
0.2931892613602571 0.0027108791921141018 0.002702763000750008
0.007813407984297877 0.00010990953392129958 0.00011074099965382653
0.8037850852738654 0.0013603811563636103 0.00138743055119106
0.33669948869922434 0.0029420236915468356 0.002938579829183219
0.22711305564733175 0.0022301121362971743 0.002217341952913926
0.41746166001303253 0.003191686560330642 0.0031987947267262395
0.2101349371366396 0.002081577914952226 0.002068232258099184
0.4730982287445378 0.003229712087275738 0.0032444878480348827
0.7600093357224575 0.0017917800038094178 0.0018229511126313103
0.022045438527677538 3.253452026318049e-05 3.369769971723127e-05
0.9700502197048385 0.0003042091117082535 0.0003049414657413374
0.6426585817922157 0.002694830560188932 0.002726810220747833
0.4368065645080781 0.003217191835290789 0.003226980272997282
0.4215870052948394 0.003198229756258719 0.0032059084586611997
0.8856419110758842 0.0004685953498270168 0.00048246381714700526
0.3402779623438138 0.0029580114316983264 0.0029549934140977174
0.04160723321312913 0.00017024241379784422 0.00016923518531641174
0.3979592662243632 0.0031526219501972763 0.0031570535319913606
0.22426121006535313 0.00220586825407465 0.0021929814257432567
0.7991800139243017 0.0014077607132146897 0.001435347434202705
0.7157831371944372 0.0021787771696260005 0.002211908282227837
0.31176707460642017 0.0028178863573533053 0.0028116404634339065
0.6843994294691195 0.0024199910556946813 0.0024532528460385894
0.7854906618608761 0.0015459688945681505 0.0015750092268176363
0.7062936532987243 0.0022547460525106366 0.0022880223947910894
0.24583690204335537 0.00238215151243526 0.0023703358630112747
0.7038698279293294 0.002273733351080942 0.0023070318353233255
0.5763996908126716 0.003017695826411204 0.0030447835088260877
0.13755867885658862 0.0013372213320104187 0.0013250643767787895
0.4920977621713012 0.0032180317680348125 0.003235341906476452
0.03461539855006388 9.13302442326902e-05 9.124651339312978e-05
0.6811240812301982 0.002443485318116889 0.00247670435017322
0.04683778073825216 0.00023181020547419912 0.00023006283749346657
0.02626522510552531 4.959600784771451e-06 5.7915308102202134e-06
0.09989123426517758 0.0008898139917170311 0.000880899962374268
0.6621110571909549 0.002573432355385319 0.002606204135029988
0.318866840322974 0.0028555073209292625 0.0028500278283388747
0.012934003309293918 9.582984480820643e-05 9.715599391209133e-05
0.6840759037417204 0.002422326085044446 0.0024555841114231036
0.6512649535843213 0.002642577342061525 0.002674947644079828
0.3786102541012252 0.0031005506004578853 0.003102383961800459
0.07070644474419678 0.0005260338123300734 0.0005208192345877438
0.8192143450631965 0.0011986577152867106 0.0012237320091638137
0.1944345988324538 0.0019353179464355608 0.0019217067702415047
0.36518441427730447 0.0030565949433771777 0.0030566760856438613
0.584846514845984 0.002984487414161796 0.0030123644604753697
0.3610961811961002 0.0030419338019734843 0.0030414916061468067
0.3050692192291864 0.0027807359098994677 0.0027737923041700197
0.8219451968483593 0.0011695899171053625 0.0011942870347252388
0.2145584890861646 0.0021212478869758467 0.00210802418865072
0.26129213763437253 0.0024982633740527893 0.0024874664097535026
0.7096064292837665 0.002228519681530261 0.002261755972293611
0.21995973349124237 0.0021687604898305846 0.002155712743033583
0.5345156147115804 0.00314726354729733 0.003169866205631644
0.36703081477141575 0.0030630209823478416 0.003063340144033422
0.8012512433148609 0.0013865039313583072 0.001413851974685576
0.822882144373817 0.001159588204454498 0.0011841540344643686
0.7643918748034326 0.0017506248509584488 0.001781482589297223
0.5120641403940869 0.00319237141875206 0.0032122475937806927
0.7164573830365792 0.0021732812892454323 0.0022063984965191574
0.19161506503152112 0.0019081577388220528 0.0018945274645943422
0.05225342208988991 0.0002971303590821317 0.00029459470843296726
0.38740282506765616 0.0031258606660575783 0.003128865571446704
0.725867007735058 0.0020952407772845127 0.002128113486286609
0.24210496496521283 0.0023528391759207734 0.0023408079532878656
0.06091295775002263 0.00040374664455913173 0.00039993999342263775
0.2714067391842072 0.002569632427020352 0.002559605762370576
0.3714572271965559 0.0030779312269698655 0.003078824986151807
0.37036285614768566 0.0030743098587334705 0.00307506104682298
0.20085530294087947 0.0019961558720199 0.0019826210865395433
0.8057920533685712 0.001339599449950546 0.0013664071077938988
0.26384586998579945 0.0025166280655459783 0.0025060181340083587
0.0368867100232946 0.0001164469651136757 0.00011607445344451878
0.13222366487902634 0.001276028529599349 0.001264217791679595
0.7079469220882129 0.0022416972201949603 0.002274954992681155
0.7298322242387054 0.0020616123965853106 0.0020943535857735895
0.30043978632685314 0.002754116582005972 0.0027467058574937586
0.7312627945183521 0.002049373146526756 0.0020820626958413246
0.7272445198773692 0.002083607790369202 0.002116436739186156
0.30016129058827956 0.0027524906813897188 0.002745052263051606
0.6610889687015022 0.002580103993364835 0.0026128423663860367
0.37656318352883145 0.0030942633970821865 0.003095826540140123
0.05775119717787368 0.00036458546779231243 0.0003612420752175244
0.016053988090486263 7.812163714110074e-05 7.950452613379733e-05
0.8731182756116708 0.0006079172145198042 0.0006241694044889501
0.38222054608520595 0.0031112756383865348 0.0031135879827883794
0.6881152195756044 0.002392947583139682 0.002426245328108645
0.17146257036150872 0.0017062611959771934 0.0016927611604249382
0.9629498087586249 0.0002698881914613427 0.0002708726038649356
0.21720141585919375 0.0021446240351117862 0.0021314827598254427
0.845320363792671 0.0009162186452982279 0.0009373636111342787
0.606355018756559 0.002889348454776175 0.002919031352387247
0.2889313430198973 0.0026846079462458095 0.002676092961584775
0.8846679710369335 0.000479401891453235 0.0004934585509361877
0.46495462466352167 0.0032308936916538578 0.0032445626966418617
0.012420431616222726 9.820594409222679e-05 9.950777640967481e-05
0.30942506293564875 0.0028050792861887275 0.002798586556511218
0.29269478387390935 0.002707861687499258 0.0026996985836592047
0.8422001451754092 0.0009504520676663075 0.0009721034534786455
0.9014865874037016 0.0002943186641589657 0.00030508772384796323
0.2808907995023598 0.0026332231951598506 0.0026239879690141965
0.017234612085941004 7.018203283162827e-05 7.155142309161339e-05
0.5913192401357202 0.0029574494351064518 0.0029859016826131457
0.3207033476598178 0.0028649442227284827 0.002859667266900512
0.13387294842833036 0.0012950306716860704 0.0012831089074296365
0.3867995454079365 0.0031242118633102445 0.0031271358588066955
0.04684991430327937 0.0002319549640353094 0.00023020584860818788
0.44010288706786116 0.003220227701225098 0.003230473090339192
0.5223419369561327 0.0031738484805766687 0.0031949962135006116
0.5222103999528651 0.0031741082628867767 0.0031952399611347992
0.9033178939500734 0.0002744436847553766 0.000284852744884434
0.6056787951163004 0.002892569449070015 0.0029222002936033498
0.326825076917405 0.002895526613540811 0.0028909369428119502
0.3792546040638249 0.0031024987490128053 0.0031044173750837123
0.1265206929772732 0.001209752312061052 0.0011983531131351532
0.3174739234338152 0.002848269079582577 0.0028426371267541994
0.6383032533372031 0.0027203855335401483 0.002752143973597354
0.6038541929863985 0.0029011862828944857 0.0029306750928986824
0.8542297005131034 0.0008179357673495646 0.0008375839175684963
0.8172855224900213 0.001219111927205918 0.0012444476794658543
0.5632679088792414 0.0030646296239988935 0.003090408110569154
0.00900280252817824 0.00010886805661583163 0.00010987094609467805
0.5001485550372908 0.003209329922073789 0.0032276885075281925
0.15052767616597085 0.0014825516173492537 0.001469708017128063
0.10486606611155054 0.0009507443962871731 0.0009412967413242879
0.5208073642275146 0.003176842611586128 0.0031978028782855272
0.5186446401176356 0.0031809262975195374 0.003201620902405611
0.5370899670216418 0.003140998759950442 0.0031639013433660823
0.3061290416456743 0.0027867216341197487 0.002779886732932668
0.5647510794014685 0.0030596159250795285 0.00308554705637365
0.18926803453039345 0.0018853434488484422 0.0018717041072174034
0.8679173172186927 0.000665861748467167 0.0006830760943484782
0.9316981993704976 1.4108926853939607e-05 1.915066459379222e-05
0.06309288357292167 0.0004308615764939405 0.0004267373085434789
0.5098991780894022 0.003195813748854026 0.0032154174777415667
0.7766389914365333 0.0016331125966292381 0.0016629778394190442
0.39257627468044903 0.0031394695836066133 0.003143171214753715
0.7065902513841463 0.0022524109060408914 0.002285684124342713
0.8247473020346577 0.0011396355210003817 0.001163937159384676
0.06052900023994993 0.0003989796690355013 0.00039522913580049973
0.05252101525492394 0.00030039041631085145 0.00029781551767051745
0.16862166852708882 0.0016767219674164169 0.0016632791138088687
0.09483984364570872 0.0008275044085366834 0.0008191634735515985
0.00477953541929185 0.00010292314675197731 0.00010310695104071704
0.42537018777502567 0.003203703532333013 0.003211906191003311
0.14325100967435678 0.0014016193711664515 0.001389134132954578
0.8226821902895507 0.0011617238811487685 0.001186317809553139
0.6963187448908628 0.0023317856423326067 0.0023651147684609075
0.0017369999284196915 6.940300619087767e-05 6.857442867759349e-05
0.33657749114588004 0.0029414705490667936 0.002938012264804446
0.5896093235549635 0.002964725909498256 0.0029930287759241114
0.8068421919575209 0.001328694012723175 0.0013553733600251139
0.0901291769514667 0.0007690532071007589 0.0007612741194559097
0.26780564224663805 0.002544642705904765 0.002534332814569218
0.3800870409158322 0.0031049936990872884 0.0031070226236958876
0.8199908825302376 0.0011904048729315386 0.0012153727465802344
0.4431176020970252 0.003222671045489567 0.003233334059854265
0.8492350543184579 0.0008731240745779578 0.0008936204329985653
0.27011586325094705 0.0025607278287957946 0.0025505985166783263
0.5569893053996126 0.0030850406868202507 0.0031101601294400982
0.6325921904066435 0.002752985467532776 0.002784430484257694
0.5828466014020962 0.0029925627476964367 0.003020256793568321
0.4191526477250409 0.00319444113972589 0.003201783049495255
0.673273397909811 0.002498478805325166 0.002531553808013176
0.588771070534813 0.0029682579987962976 0.002996486954381705
0.04001246584420696 0.00015185340771504963 0.00015106500163608594
0.8355762468642252 0.0010227437087542146 0.0010454380825211107
0.17557879553547995 0.0017485940891518725 0.001735028533390831
0.3412770778160449 0.002962393318025891 0.0029594951531206615
0.039306551739206705 0.0001437801363174257 0.00014308727137068294
0.15484518091054364 0.0015298139735188676 0.0015167899108042282
0.31309127121448715 0.0028250404389221773 0.0028189354431256697
0.32825477890137833 0.002902475324610465 0.0028980487809386335
0.46186597244249694 0.0032307394510974197 0.003243986210473837
0.40362718879399295 0.003165361121345467 0.0031705660573849714
0.3278555021859041 0.0029005421180793856 0.002896069920140354
0.2828391726815879 0.0026458876558134725 0.0026368229176454983
0.8103179915642806 0.0012924472624673555 0.0013186930229552862
0.054034718158018386 0.0003188803945688365 0.0003160832279471837
0.42898157292099703 0.0032084591182720557 0.0032171623794804427
0.42514449859501247 0.0032033911137173687 0.0032115624998644288
0.001188501214016115 5.696406591520131e-05 5.594500166424248e-05
0.43352479516336107 0.003213790988153442 0.003223124312483505
0.2034661984213165 0.0020204904782537836 0.0020069996192818573
0.32020807496080067 0.0028624111826025533 0.0028570794370462727
