0.9999006410373231 nan 0.9999006410373231
0.7351542099491509 nan 0.7351542099491509
0.9999877277281227 nan 0.9999877277281227
0.9926131279318978 nan 0.9926131279318978
0.9254809394600501 nan 0.9254809394600501
0.9998565623975216 nan 0.9998565623975216
0.9994141826354943 nan 0.9994141826354943
0.9999999999999996 nan 0.9999999999999996
0.9986996449134549 nan 0.9986996449134549
0.9223407329978628 nan 0.9223407329978628
1.0 nan 1.0
0.9999870516102005 nan 0.9999870516102005
0.9999983470392336 nan 0.9999983470392336
0.997827976332233 nan 0.997827976332233
1.0 nan 1.0
0.9999012261292647 nan 0.9999012261292647
0.99998574010186 nan 0.99998574010186
0.999967395099247 nan 0.999967395099247
0.9999999999999984 nan 0.9999999999999984
0.9999999999999963 nan 0.9999999999999963
0.999999808761232 nan 0.999999808761232
0.9963017497579179 nan 0.9963017497579179
0.9966849842161165 nan 0.9966849842161165
0.9999999986283448 nan 0.9999999986283448
0.9998899528914234 nan 0.9998899528914234
1.0 nan 1.0
0.9999880074319191 nan 0.9999880074319191
0.9999999923252286 nan 0.9999999923252286
0.9726039207115212 nan 0.9726039207115212
0.9999999999996182 nan 0.9999999999996182
1.0 nan 1.0
0.9994098019908858 nan 0.9994098019908858
0.6355483630626855 nan 0.6355483630626855
0.9656494348214296 nan 0.9656494348214296
1.0 nan 1.0
0.999999999988778 nan 0.999999999988778
0.9634688644738597 nan 0.9634688644738597
0.9999645098608873 nan 0.9999645098608873
0.9599963776735941 nan 0.9599963776735941
0.9999977974004688 nan 0.9999977974004688
0.9973366199731203 nan 0.9973366199731203
0.9999999988863636 nan 0.9999999988863636
0.9999999999748436 nan 0.9999999999748436
0.9999999999971683 nan 0.9999999999971683
0.5977760424671162 nan 0.5977760424671162
0.9503430884834103 nan 0.9503430884834103
0.994492840129992 nan 0.994492840129992
0.9999999999999925 nan 0.9999999999999925
0.9989801254207382 nan 0.9989801254207382
0.99684502615709 nan 0.99684502615709
0.6895826662376856 nan 0.6895826662376856
0.9999999999999645 nan 0.9999999999999645
0.9947496262274759 nan 0.9947496262274759
0.9999999992353172 nan 0.9999999992353172
0.9984942809511402 nan 0.9984942809511402
0.9999998291827769 nan 0.9999998291827769
0.9998023910876712 nan 0.9998023910876712
0.9976434227946045 nan 0.9976434227946045
0.9999999476787508 nan 0.9999999476787508
0.9975515860899079 nan 0.9975515860899079
1.0 nan 1.0
0.9999942904565864 nan 0.9999942904565864
0.999696130006019 nan 0.999696130006019
0.7838825706031598 nan 0.7838825706031598
0.9990543106780648 nan 0.9990543106780648
1.0 nan 1.0
0.9600420610880438 nan 0.9600420610880438
0.9999999546452842 nan 0.9999999546452842
0.9999717570839606 nan 0.9999717570839606
0.9999999899064403 nan 0.9999999899064403
0.9997458753082887 nan 0.9997458753082887
1.0 nan 1.0
0.9999990049087308 nan 0.9999990049087308
0.9998422805125602 nan 0.9998422805125602
0.999999448718353 nan 0.999999448718353
0.6977989404833153 nan 0.6977989404833153
0.6336344499359432 nan 0.6336344499359432
0.9999999999948181 nan 0.9999999999948181
0.9999998073166636 nan 0.9999998073166636
0.9999995249249037 nan 0.9999995249249037
0.9996284938428207 nan 0.9996284938428207
0.9999721414785895 nan 0.9999721414785895
0.8468595869131488 nan 0.8468595869131488
0.9999999999999823 nan 0.9999999999999823
1.0 nan 1.0
0.9999999658602238 nan 0.9999999658602238
0.9997373025326883 nan 0.9997373025326883
0.5475045097507203 nan 0.5475045097507203
0.9999999801925927 nan 0.9999999801925927
0.9999999996095961 nan 0.9999999996095961
0.9998914739614733 nan 0.9998914739614733
0.6699216215742076 nan 0.6699216215742076
1.0 nan 1.0
1.0 nan 1.0
0.999995663267022 nan 0.999995663267022
0.993595004040082 nan 0.993595004040082
0.9999982117903508 nan 0.9999982117903508
0.9915706541025879 nan 0.9915706541025879
0.9999999999992107 nan 0.9999999999992107
0.9982533200146726 nan 0.9982533200146726
0.9999839389399525 nan 0.9999839389399525
0.9999870413379445 nan 0.9999870413379445
0.9999999999946191 nan 0.9999999999946191
0.9998848514494487 nan 0.9998848514494487
0.8554925429491127 nan 0.8554925429491127
0.9083266157820987 nan 0.9083266157820987
1.0 nan 1.0
0.9999902799264037 nan 0.9999902799264037
0.998834140460886 nan 0.998834140460886
0.9886951741758819 nan 0.9886951741758819
0.6400076932607693 nan 0.6400076932607693
0.9999755269744538 nan 0.9999755269744538
0.9999999999867749 nan 0.9999999999867749
0.9999798532728242 nan 0.9999798532728242
0.9999996041838072 nan 0.9999996041838072
0.9966316319677883 nan 0.9966316319677883
1.0 nan 1.0
0.9879138923821028 nan 0.9879138923821028
1.0 nan 1.0
1.0 nan 1.0
0.996099660746958 nan 0.996099660746958
0.9999220417515489 nan 0.9999220417515489
0.9999720910382814 nan 0.9999720910382814
0.9998029380804929 nan 0.9998029380804929
0.999991525085419 nan 0.999991525085419
0.9999999999994011 nan 0.9999999999994011
0.9998535024136063 nan 0.9998535024136063
0.9996581924040732 nan 0.9996581924040732
0.9999682443467434 nan 0.9999682443467434
0.999997430361897 nan 0.999997430361897
0.9999652519478055 nan 0.9999652519478055
0.9988920792065966 nan 0.9988920792065966
0.998875614104803 nan 0.998875614104803
0.9999999652511338 nan 0.9999999652511338
0.9278567550493181 nan 0.9278567550493181
0.9999999979889338 nan 0.9999999979889338
0.9090483524286954 nan 0.9090483524286954
0.9984924692907619 nan 0.9984924692907619
0.9999999942199136 nan 0.9999999942199136
0.9999397132160268 nan 0.9999397132160268
0.9999999974577067 nan 0.9999999974577067
0.997019801997455 nan 0.997019801997455
0.7051393423035489 nan 0.7051393423035489
0.926614632971545 nan 0.926614632971545
0.9999999997649883 nan 0.9999999997649883
0.9980126447966129 nan 0.9980126447966129
0.9394261610508735 nan 0.9394261610508735
0.9997343272467633 nan 0.9997343272467633
0.6209146573662142 nan 0.6209146573662142
0.9999999999999987 nan 0.9999999999999987
1.0 nan 1.0
0.9999999982107989 nan 0.9999999982107989
0.6508908574336698 nan 0.6508908574336698
0.7275204618820617 nan 0.7275204618820617
0.9936857445205447 nan 0.9936857445205447
0.46112243896831007 nan 0.46112243896831007
0.9840513795593805 nan 0.9840513795593805
0.6740867315767878 nan 0.6740867315767878
0.7990073901541911 nan 0.7990073901541911
0.8256785805052875 nan 0.8256785805052875
0.6049950761100568 nan 0.6049950761100568
0.9999999380857642 nan 0.9999999380857642
0.9687034238427445 nan 0.9687034238427445
0.9999999928549358 nan 0.9999999928549358
0.9985215234607543 nan 0.9985215234607543
0.9999934020321875 nan 0.9999934020321875
0.99999211754715 nan 0.99999211754715
0.8613552780759686 nan 0.8613552780759686
0.7575153635837499 nan 0.7575153635837499
0.9999999996292077 nan 0.9999999996292077
0.9375978438375429 nan 0.9375978438375429
0.9988831666510892 nan 0.9988831666510892
0.9999992408591817 nan 0.9999992408591817
0.9999958623105858 nan 0.9999958623105858
0.8679916295605634 nan 0.8679916295605634
0.999999883669405 nan 0.999999883669405
0.9928182490788933 nan 0.9928182490788933
0.9996295472707216 nan 0.9996295472707216
0.9999846989037723 nan 0.9999846989037723
0.9999999993928635 nan 0.9999999993928635
0.9999998291117972 nan 0.9999998291117972
0.9912231205783752 nan 0.9912231205783752
0.9100235593167434 nan 0.9100235593167434
0.8877176812799448 nan 0.8877176812799448
0.42713365906399137 nan 0.42713365906399137
0.9989776137571761 nan 0.9989776137571761
0.9199699368946017 nan 0.9199699368946017
0.9611333550782765 nan 0.9611333550782765
0.1719860895700942 nan 0.1719860895700942
0.5784571819039117 nan 0.5784571819039117
0.9800132741331775 nan 0.9800132741331775
0.9999965756986251 nan 0.9999965756986251
0.999955020831079 nan 0.999955020831079
0.9999999998162894 nan 0.9999999998162894
0.999969101459691 nan 0.999969101459691
0.6994440310542352 nan 0.6994440310542352
0.853485724575687 nan 0.853485724575687
0.9999999851944741 nan 0.9999999851944741
0.9983346189112824 nan 0.9983346189112824
0.9999999184921802 nan 0.9999999184921802
0.9714347170945558 nan 0.9714347170945558
0.9998598590504187 nan 0.9998598590504187
0.999795817047027 nan 0.999795817047027
0.9984274197472052 nan 0.9984274197472052
1.0 nan 1.0
0.9480752763672746 nan 0.9480752763672746
0.9943314750279478 nan 0.9943314750279478
0.9999999999999997 nan 0.9999999999999997
1.0 nan 1.0
1.0 nan 1.0
0.9999672881764452 nan 0.9999672881764452
0.7609126483315891 nan 0.7609126483315891
0.9999996262819967 nan 0.9999996262819967
0.9981083349544545 nan 0.9981083349544545
0.9897876703501471 nan 0.9897876703501471
0.9999999999999989 nan 0.9999999999999989
0.9997363781684353 nan 0.9997363781684353
0.9999999999998579 nan 0.9999999999998579
0.9401548471878515 nan 0.9401548471878515
0.9999937592910855 nan 0.9999937592910855
0.9999933843584207 nan 0.9999933843584207
1.0 nan 1.0
0.06846008947938853 nan 0.06846008947938853
0.9986701938919568 nan 0.9986701938919568
0.8799517607250453 nan 0.8799517607250453
0.9999945529791788 nan 0.9999945529791788
0.9180038684470694 nan 0.9180038684470694
1.0 nan 1.0
0.918351347585985 nan 0.918351347585985
0.9944905720133017 nan 0.9944905720133017
0.9953608326776973 nan 0.9953608326776973
0.44151285663298767 nan 0.44151285663298767
0.9999996637034876 nan 0.9999996637034876
0.3830743492992652 nan 0.3830743492992652
0.9999350911475612 nan 0.9999350911475612
0.9999972786814576 nan 0.9999972786814576
0.99999999999908 nan 0.99999999999908
0.9991070991518121 nan 0.9991070991518121
0.9997787702506779 nan 0.9997787702506779
0.9786174016336758 nan 0.9786174016336758
0.9999999999999424 nan 0.9999999999999424
0.9999999999970555 nan 0.9999999999970555
0.9999999997649808 nan 0.9999999997649808
0.7401968312298223 nan 0.7401968312298223
0.9999999999580752 nan 0.9999999999580752
0.9123482190679831 nan 0.9123482190679831
0.9999999999963834 nan 0.9999999999963834
0.9999999999875299 nan 0.9999999999875299
0.9960460057560877 nan 0.9960460057560877
1.0 nan 1.0
0.9981141065477385 nan 0.9981141065477385
0.9434271418554161 nan 0.9434271418554161
0.8188362937641857 nan 0.8188362937641857
0.999782593470928 nan 0.999782593470928
0.7213223600762877 nan 0.7213223600762877
0.9999999998725392 nan 0.9999999998725392
0.4787448712827418 nan 0.4787448712827418
0.9266531344984213 nan 0.9266531344984213
0.999801523850322 nan 0.999801523850322
0.9999999988285027 nan 0.9999999988285027
0.9999937510561453 nan 0.9999937510561453
0.9999958865351654 nan 0.9999958865351654
0.7909417191748342 nan 0.7909417191748342
0.9999999958690191 nan 0.9999999958690191
1.0 nan 1.0
1.0 nan 1.0
0.9999565872324764 nan 0.9999565872324764
1.0 nan 1.0
0.9668672581512249 nan 0.9668672581512249
0.9999999999999071 nan 0.9999999999999071
0.9999960108258842 nan 0.9999960108258842
0.9989301934685958 nan 0.9989301934685958
0.9973678981134256 nan 0.9973678981134256
0.9999588217872724 nan 0.9999588217872724
0.9999897042100295 nan 0.9999897042100295
1.0 nan 1.0
0.9881218466364962 nan 0.9881218466364962
0.9999999982113529 nan 0.9999999982113529
0.9999999651644528 nan 0.9999999651644528
0.9971670040705736 nan 0.9971670040705736
0.9995427179008524 nan 0.9995427179008524
0.9580921710882657 nan 0.9580921710882657
0.9999999999991143 nan 0.9999999999991143
0.9283774259445725 nan 0.9283774259445725
0.9999969442962343 nan 0.9999969442962343
1.0 nan 1.0
0.9951407123346581 nan 0.9951407123346581
0.578094433517449 nan 0.578094433517449
0.9988321851549496 nan 0.9988321851549496
1.0 nan 1.0
0.999970619621782 nan 0.999970619621782
0.9883564842382043 nan 0.9883564842382043
0.9999452911362574 nan 0.9999452911362574
1.0 nan 1.0
0.9999999999998898 nan 0.9999999999998898
0.8063633945235459 nan 0.8063633945235459
0.9999997606030671 nan 0.9999997606030671
0.9993595696478409 nan 0.9993595696478409
0.9999898489401846 nan 0.9999898489401846
0.9149252654230492 nan 0.9149252654230492
0.7482661418173073 nan 0.7482661418173073
0.9998726440403992 nan 0.9998726440403992
0.999937361540449 nan 0.999937361540449
0.9951327966283263 nan 0.9951327966283263
0.9999999973234325 nan 0.9999999973234325
0.999371433088436 nan 0.999371433088436
0.8967727517029307 nan 0.8967727517029307
1.0 nan 1.0
0.6454413576882312 nan 0.6454413576882312
1.0 nan 1.0
0.934022244500246 nan 0.934022244500246
0.9952330615054459 nan 0.9952330615054459
0.8705527881786841 nan 0.8705527881786841
0.918845644509443 nan 0.918845644509443
0.7925181855866746 nan 0.7925181855866746
0.9998753082066651 nan 0.9998753082066651
0.23444807772142007 nan 0.23444807772142007
0.9999999999999996 nan 0.9999999999999996
0.9970077276068439 nan 0.9970077276068439
0.9911417461695868 nan 0.9911417461695868
0.9988750702119246 nan 0.9988750702119246
0.9986393893941886 nan 0.9986393893941886
0.9999852857096114 nan 0.9999852857096114
0.9999999999999993 nan 0.9999999999999993
0.41934598105311316 nan 0.41934598105311316
1.0 nan 1.0
0.9999999999596817 nan 0.9999999999596817
0.9999999338368103 nan 0.9999999338368103
0.9999048639086107 nan 0.9999048639086107
0.999999999999994 nan 0.999999999999994
0.9997889712108358 nan 0.9997889712108358
0.7657881952221592 nan 0.7657881952221592
0.9999998503190455 nan 0.9999998503190455
0.9796302488412368 nan 0.9796302488412368
0.9999999999999956 nan 0.9999999999999956
0.9999999997297995 nan 0.9999999997297995
0.999841253782988 nan 0.999841253782988
0.9999999999971825 nan 0.9999999999971825
1.0 nan 1.0
0.9999999999982198 nan 0.9999999999982198
0.9952838461287447 nan 0.9952838461287447
0.9999999803627501 nan 0.9999999803627501
0.9999995860744956 nan 0.9999995860744956
0.9558124382619659 nan 0.9558124382619659
0.9998743935824961 nan 0.9998743935824961
0.7008043487151356 nan 0.7008043487151356
0.9999994775748051 nan 0.9999994775748051
0.8575728821908446 nan 0.8575728821908446
0.7841736940749094 nan 0.7841736940749094
0.9864644966981324 nan 0.9864644966981324
0.9999996248637242 nan 0.9999996248637242
0.9961217023430187 nan 0.9961217023430187
0.3827524636070727 nan 0.3827524636070727
0.999999001629121 nan 0.999999001629121
0.9999999724177333 nan 0.9999999724177333
0.9995418701644855 nan 0.9995418701644855
0.8530916448828438 nan 0.8530916448828438
1.0 nan 1.0
0.9839016571909975 nan 0.9839016571909975
0.9992374100134487 nan 0.9992374100134487
0.999963402541601 nan 0.999963402541601
0.9912217692904794 nan 0.9912217692904794
0.9930155326924828 nan 0.9930155326924828
1.0 nan 1.0
0.9975210769162474 nan 0.9975210769162474
0.9996978479751165 nan 0.9996978479751165
0.999999896334882 nan 0.999999896334882
0.9865943103835163 nan 0.9865943103835163
0.9999974142715269 nan 0.9999974142715269
0.999514458950448 nan 0.999514458950448
1.0 nan 1.0
0.9999999999999996 nan 0.9999999999999996
0.9999999999940796 nan 0.9999999999940796
0.9999998366261322 nan 0.9999998366261322
0.9999999999999999 nan 0.9999999999999999
0.9961100353932647 nan 0.9961100353932647
0.5383808582975999 nan 0.5383808582975999
0.9984180097868064 nan 0.9984180097868064
0.9999999999999999 nan 0.9999999999999999
0.9972812480892995 nan 0.9972812480892995
0.6365062131086521 nan 0.6365062131086521
0.9955123873694458 nan 0.9955123873694458
0.9998344852547052 nan 0.9998344852547052
0.9993116382282579 nan 0.9993116382282579
0.9936708070471972 nan 0.9936708070471972
0.9999999999999898 nan 0.9999999999999898
0.9969249535685959 nan 0.9969249535685959
0.8087204675334132 nan 0.8087204675334132
0.7872581294912355 nan 0.7872581294912355
0.9999999999999898 nan 0.9999999999999898
0.9999912909258405 nan 0.9999912909258405
0.9987134385104776 nan 0.9987134385104776
0.999999993484642 nan 0.999999993484642
0.9999998744935454 nan 0.9999998744935454
0.9993703977043291 nan 0.9993703977043291
0.9999999999999999 nan 0.9999999999999999
0.999908826505412 nan 0.999908826505412
0.8077618216527852 nan 0.8077618216527852
0.2907554933822214 nan 0.2907554933822214
1.0 nan 1.0
0.9982420115919033 nan 0.9982420115919033
0.9999987017841125 nan 0.9999987017841125
0.9765554235312336 nan 0.9765554235312336
1.0 nan 1.0
0.9892672026579554 nan 0.9892672026579554
1.0 nan 1.0
0.9999999989646997 nan 0.9999999989646997
0.9927519291682135 nan 0.9927519291682135
1.0 nan 1.0
0.9999963117331284 nan 0.9999963117331284
0.46631280328339686 nan 0.46631280328339686
0.9999871006926817 nan 0.9999871006926817
0.9999817120400728 nan 0.9999817120400728
0.9999999999989597 nan 0.9999999999989597
1.0 nan 1.0
0.9737530116456689 nan 0.9737530116456689
0.5631468076767089 nan 0.5631468076767089
0.9999994858221832 nan 0.9999994858221832
0.999476240137897 nan 0.999476240137897
0.9882408288029824 nan 0.9882408288029824
0.9998056985149442 nan 0.9998056985149442
0.8075167069919247 nan 0.8075167069919247
0.9969987856387921 nan 0.9969987856387921
0.9999984980566223 nan 0.9999984980566223
0.9999952024465286 nan 0.9999952024465286
1.0 nan 1.0
0.9999999200740265 nan 0.9999999200740265
0.9990229834836707 nan 0.9990229834836707
0.9999734141144291 nan 0.9999734141144291
0.8764854408254159 nan 0.8764854408254159
0.9985739901822239 nan 0.9985739901822239
0.9999483683355762 nan 0.9999483683355762
0.999999999680585 nan 0.999999999680585
0.9999999999999225 nan 0.9999999999999225
1.0 nan 1.0
0.9999997121785276 nan 0.9999997121785276
0.31298613701322553 nan 0.31298613701322553
0.9999992207974006 nan 0.9999992207974006
0.9869415183309267 nan 0.9869415183309267
0.8072159218550756 nan 0.8072159218550756
0.9992375279637528 nan 0.9992375279637528
0.9999999999821698 nan 0.9999999999821698
0.9999976438448133 nan 0.9999976438448133
0.9958599389286429 nan 0.9958599389286429
0.9997902865918606 nan 0.9997902865918606
0.9559478275995689 nan 0.9559478275995689
1.0 nan 1.0
1.0 nan 1.0
0.7408805576207929 nan 0.7408805576207929
0.9999588215318985 nan 0.9999588215318985
0.9999999999999324 nan 0.9999999999999324
0.9993249589599714 nan 0.9993249589599714
0.9999958539645755 nan 0.9999958539645755
0.9999999303486783 nan 0.9999999303486783
0.7923543947690554 nan 0.7923543947690554
0.7130278763969442 nan 0.7130278763969442
0.9979573521750347 nan 0.9979573521750347
0.772512436219515 nan 0.772512436219515
0.18568146345683467 nan 0.18568146345683467
0.9983593081400183 nan 0.9983593081400183
0.9246040614205892 nan 0.9246040614205892
0.9999999991774586 nan 0.9999999991774586
0.9999978567757498 nan 0.9999978567757498
0.11616519547256132 nan 0.11616519547256132
0.9995192982450534 nan 0.9995192982450534
0.9999920127178935 nan 0.9999920127178935
0.9999999999999973 nan 0.9999999999999973
0.9752168149467427 nan 0.9752168149467427
0.9942087199169447 nan 0.9942087199169447
0.9941306369884213 nan 0.9941306369884213
0.9999999999999862 nan 0.9999999999999862
0.9999398332918957 nan 0.9999398332918957
1.0 nan 1.0
0.9999541126750856 nan 0.9999541126750856
0.9999998989310567 nan 0.9999998989310567
0.9999999360237387 nan 0.9999999360237387
0.9999999892684694 nan 0.9999999892684694
0.9999985788940139 nan 0.9999985788940139
0.9999998579374537 nan 0.9999998579374537
0.9999476663165023 nan 0.9999476663165023
0.6757929506826238 nan 0.6757929506826238
1.0 nan 1.0
0.79768151679648 nan 0.79768151679648
0.991401990387351 nan 0.991401990387351
0.8599888929275831 nan 0.8599888929275831
0.9555066413982187 nan 0.9555066413982187
0.9928425832875731 nan 0.9928425832875731
0.9351011240788327 nan 0.9351011240788327
0.9999918416633437 nan 0.9999918416633437
0.9999915958366286 nan 0.9999915958366286
0.9987689454160711 nan 0.9987689454160711
0.9985593206041649 nan 0.9985593206041649
0.9999999999995269 nan 0.9999999999995269
0.7425265408157447 nan 0.7425265408157447
0.999999566039805 nan 0.999999566039805
0.9995205339881198 nan 0.9995205339881198
0.0563642837962397 nan 0.0563642837962397
0.9997407152086991 nan 0.9997407152086991
0.9958576927443895 nan 0.9958576927443895
0.9997632802331496 nan 0.9997632802331496
